psnr : [20.89645]
loss : [0.024166]
